107
141
16
74
85
150
74
89
87
74
74
81
89
89
2
154
21
36
30
25
31
22
22
36
35
17
85
147
160
151
105f
55
56
56
64
135
59
117
71
132
122
153
113
161
76
88
36
36
24
33
21
35
26
164
164
165
165
74
92
74f
81
74
76
87
78
85
74
56
58
65
72
65
55
10
8
17
4
7
18
13
1
131
127
151
112
141
131
164
151
94
147
91
155
118
94
119
152
150
155
164
145
104
51
49
39
51f
41
51
41
119f
145
22
119
137
16
2
143
77
87
90
111
76
151
85
12
151
80
118
133
104
94
112
112
112
141
112
155
155
100
142
43
38
48
39
45
1
10
10
10
10
 